1000 0.000057
2000 0.000107
3000 0.000152
4000 0.000195
5000 0.000214
6000 0.000256
7000 0.000545
8000 0.000795
9000 0.000925
10000 0.001031
11000 0.001134
12000 0.001209
13000 0.001343
14000 0.001861
15000 0.001337
16000 0.000832
17000 0.000766
18000 0.000808
19000 0.000884
20000 0.000881
21000 0.000921
22000 0.001034
23000 0.001019
24000 0.001060
25000 0.001344
26000 0.001230
27000 0.001273
28000 0.001341
29000 0.001333
30000 0.001344
31000 0.001396
32000 0.001507
33000 0.001472
34000 0.001556
35000 0.001618
36000 0.001661
37000 0.001655
38000 0.001740
39000 0.001744
40000 0.001810
41000 0.001855
42000 0.001856
43000 0.001985
44000 0.001996
45000 0.002054
46000 0.002097
47000 0.002206
48000 0.002246
49000 0.002301
50000 0.002306
51000 0.002481
52000 0.002447
53000 0.002529
54000 0.002577
55000 0.002639
56000 0.002734
57000 0.002811
58000 0.002827
59000 0.002849
60000 0.002915
61000 0.002998
62000 0.003007
63000 0.002955
64000 0.002986
65000 0.003051
66000 0.003192
67000 0.003140
68000 0.003215
69000 0.003177
70000 0.003383
71000 0.003304
72000 0.003373
73000 0.003447
74000 0.003524
75000 0.003582
76000 0.003606
77000 0.003668
78000 0.003786
79000 0.003706
80000 0.003779
81000 0.003736
82000 0.003830
83000 0.003815
84000 0.003912
85000 0.003997
86000 0.003988
87000 0.004065
88000 0.004274
89000 0.004112
90000 0.004336
91000 0.004244
92000 0.004388
93000 0.004375
94000 0.004378
95000 0.004447
96000 0.004458
97000 0.004454
98000 0.004723
99000 0.004665
100000 0.004853
101000 0.004776
102000 0.004836
103000 0.004957
104000 0.005025
105000 0.004918
106000 0.005026
107000 0.005137
108000 0.005160
109000 0.005299
110000 0.005244
111000 0.005356
112000 0.005329
113000 0.005414
114000 0.005466
115000 0.005485
116000 0.005539
117000 0.005879
118000 0.005703
119000 0.006034
120000 0.005625
121000 0.005766
122000 0.005873
123000 0.005890
124000 0.005960
125000 0.006015
126000 0.006078
127000 0.006009
128000 0.005950
129000 0.006148
130000 0.006275
131000 0.006193
132000 0.006175
133000 0.006371
134000 0.006387
135000 0.006572
136000 0.006455
137000 0.006594
138000 0.006692
139000 0.006615
140000 0.006740
141000 0.006637
142000 0.006736
143000 0.007012
144000 0.007069
145000 0.007088
146000 0.007094
147000 0.007148
148000 0.007171
149000 0.007204
150000 0.007133
151000 0.007312
152000 0.007466
153000 0.007329
154000 0.007328
155000 0.007481
156000 0.007689
157000 0.007660
158000 0.007501
159000 0.007623
160000 0.007779
161000 0.007847
162000 0.007908
163000 0.007835
164000 0.007860
165000 0.008112
166000 0.007995
167000 0.008258
168000 0.008248
169000 0.008352
170000 0.008132
171000 0.008139
172000 0.008372
173000 0.008145
174000 0.008380
175000 0.008380
176000 0.009461
177000 0.009793
178000 0.008593
179000 0.008613
180000 0.008756
181000 0.008815
182000 0.008813
183000 0.008694
184000 0.008887
185000 0.009279
186000 0.008901
187000 0.009082
188000 0.009174
189000 0.009195
190000 0.009187
191000 0.009331
192000 0.009396
193000 0.009434
194000 0.009457
195000 0.011034
196000 0.010137
197000 0.009797
198000 0.010012
199000 0.010076
200000 0.010181
201000 0.010139
202000 0.010152
203000 0.009981
204000 0.010827
205000 0.010403
206000 0.010542
207000 0.010541
208000 0.010198
209000 0.010374
210000 0.010054
211000 0.010475
212000 0.010344
213000 0.010231
214000 0.010521
215000 0.011152
216000 0.010565
217000 0.010720
218000 0.010863
219000 0.010765
220000 0.010763
221000 0.010956
222000 0.010832
223000 0.011027
224000 0.010997
225000 0.011040
226000 0.011311
227000 0.011287
228000 0.011114
229000 0.011041
230000 0.011393
231000 0.011353
232000 0.011972
233000 0.011461
234000 0.011570
235000 0.011813
236000 0.011496
237000 0.011838
238000 0.011793
239000 0.011385
240000 0.011787
241000 0.012128
242000 0.012171
243000 0.011857
244000 0.012139
245000 0.011750
246000 0.012101
247000 0.012114
248000 0.012487
249000 0.012351
250000 0.012496
251000 0.012358
252000 0.012176
253000 0.012484
254000 0.012503
255000 0.012116
256000 0.012789
257000 0.012911
258000 0.013144
259000 0.012842
260000 0.012832
261000 0.012998
262000 0.013236
263000 0.012751
264000 0.013048
265000 0.013038
266000 0.012728
267000 0.013045
268000 0.013163
269000 0.013626
270000 0.013483
271000 0.013456
272000 0.013046
273000 0.013630
274000 0.013820
275000 0.013335
276000 0.013232
277000 0.013504
278000 0.013942
279000 0.013821
280000 0.013519
281000 0.014116
282000 0.013898
283000 0.013977
284000 0.014194
285000 0.013777
286000 0.014377
287000 0.014513
288000 0.014347
289000 0.014276
290000 0.014406
291000 0.014679
292000 0.014843
293000 0.014573
294000 0.014743
295000 0.014370
296000 0.014570
297000 0.014998
298000 0.014898
299000 0.014733
300000 0.015108
301000 0.014880
302000 0.015030
303000 0.017811
304000 0.015449
305000 0.014836
306000 0.015250
307000 0.015197
308000 0.015487
309000 0.015548
310000 0.015497
311000 0.015938
312000 0.016130
313000 0.015781
314000 0.015409
315000 0.015493
316000 0.015712
317000 0.015886
318000 0.016086
319000 0.015400
320000 0.015568
321000 0.016493
322000 0.015854
323000 0.016257
324000 0.016465
325000 0.016431
326000 0.016269
327000 0.016566
328000 0.016529
329000 0.016188
330000 0.016507
331000 0.016551
332000 0.016417
333000 0.017550
334000 0.023416
335000 0.020346
336000 0.018165
337000 0.016866
338000 0.017117
339000 0.017324
340000 0.017095
341000 0.017157
342000 0.017471
343000 0.017747
344000 0.017480
345000 0.017627
346000 0.017046
347000 0.017340
348000 0.017721
349000 0.017281
350000 0.017442
351000 0.017709
352000 0.017415
353000 0.017298
354000 0.018344
355000 0.018958
356000 0.018086
357000 0.018318
358000 0.018380
359000 0.017767
360000 0.018200
361000 0.017444
362000 0.018314
363000 0.018396
364000 0.018711
365000 0.018803
366000 0.018511
367000 0.018622
368000 0.019169
369000 0.018330
370000 0.018547
371000 0.018873
372000 0.018351
373000 0.019053
374000 0.019752
375000 0.018694
376000 0.018968
377000 0.018436
378000 0.018733
379000 0.019699
380000 0.019458
381000 0.020125
382000 0.020120
383000 0.019337
384000 0.019333
385000 0.019882
386000 0.020069
387000 0.019724
388000 0.020303
389000 0.020008
390000 0.020539
391000 0.020092
392000 0.020273
393000 0.020223
394000 0.020416
395000 0.020226
396000 0.020112
397000 0.019689
398000 0.020957
399000 0.020297
400000 0.020161
401000 0.020472
402000 0.020824
403000 0.021046
404000 0.020965
405000 0.020935
406000 0.021189
407000 0.021138
408000 0.020958
409000 0.020498
410000 0.020997
411000 0.020548
412000 0.020922
413000 0.021719
414000 0.020778
415000 0.021716
416000 0.020974
417000 0.021015
418000 0.021781
419000 0.021202
420000 0.021101
421000 0.021716
422000 0.020866
423000 0.021616
424000 0.021049
425000 0.020881
426000 0.021123
427000 0.021610
428000 0.021487
429000 0.021423
430000 0.021247
431000 0.022126
432000 0.021772
433000 0.021524
434000 0.022334
435000 0.022361
436000 0.022018
437000 0.022073
438000 0.022134
439000 0.022860
440000 0.022640
441000 0.023168
442000 0.022609
443000 0.022433
444000 0.022179
445000 0.022295
446000 0.022841
447000 0.023328
448000 0.022559
449000 0.023667
450000 0.022902
451000 0.023057
452000 0.023697
453000 0.022723
454000 0.023661
455000 0.024056
456000 0.023214
457000 0.022992
458000 0.023612
459000 0.023746
460000 0.023600
461000 0.023107
462000 0.022911
463000 0.023271
464000 0.023512
465000 0.023784
466000 0.023596
467000 0.023667
468000 0.023343
469000 0.023732
470000 0.023598
471000 0.024547
472000 0.024344
473000 0.023728
474000 0.024324
475000 0.024930
476000 0.025092
477000 0.024411
478000 0.025773
479000 0.024952
480000 0.024778
481000 0.025183
482000 0.024731
483000 0.024717
484000 0.025888
485000 0.025400
486000 0.023966
487000 0.025566
488000 0.025311
489000 0.024733
490000 0.025676
491000 0.025496
492000 0.025030
493000 0.024896
494000 0.025130
495000 0.025105
496000 0.025638
497000 0.024760
498000 0.026553
499000 0.026528
500000 0.025711
501000 0.026297
502000 0.025629
503000 0.026745
504000 0.027104
505000 0.025801
506000 0.026793
507000 0.026531
508000 0.026745
509000 0.026784
510000 0.025889
511000 0.026332
512000 0.026903
513000 0.026482
514000 0.025844
515000 0.026665
516000 0.025907
517000 0.026343
518000 0.026389
519000 0.026026
520000 0.026691
521000 0.026254
522000 0.026539
523000 0.026061
524000 0.026067
525000 0.026694
526000 0.026936
527000 0.026660
528000 0.028989
529000 0.028531
530000 0.027727
531000 0.027117
532000 0.027337
533000 0.026628
534000 0.027516
535000 0.027532
536000 0.027179
537000 0.027170
538000 0.026435
539000 0.028112
540000 0.027392
541000 0.027519
542000 0.027507
543000 0.027773
544000 0.027859
545000 0.027558
546000 0.027948
547000 0.027785
548000 0.027642
549000 0.028349
550000 0.028117
551000 0.027899
552000 0.028661
553000 0.029066
554000 0.029141
555000 0.028745
556000 0.028507
557000 0.027933
558000 0.029048
559000 0.029029
560000 0.028971
561000 0.028886
562000 0.028512
563000 0.028807
564000 0.029306
565000 0.028439
566000 0.028235
567000 0.028760
568000 0.029685
569000 0.029141
570000 0.028583
571000 0.029422
572000 0.029565
573000 0.029744
574000 0.029172
575000 0.029549
576000 0.029011
577000 0.029539
578000 0.029971
579000 0.029228
580000 0.029866
581000 0.029368
582000 0.029885
583000 0.030341
584000 0.029376
585000 0.029448
586000 0.029446
587000 0.030208
588000 0.030054
589000 0.030146
590000 0.030323
591000 0.030079
592000 0.030167
593000 0.030792
594000 0.031184
595000 0.031007
596000 0.030720
597000 0.030162
598000 0.030525
599000 0.030596
600000 0.030741
601000 0.030589
602000 0.030968
603000 0.031278
604000 0.030762
605000 0.031069
606000 0.031122
607000 0.030711
608000 0.031226
609000 0.031530
610000 0.031614
611000 0.031228
612000 0.032079
613000 0.031227
614000 0.030994
615000 0.030613
616000 0.031220
617000 0.031247
618000 0.032100
619000 0.031601
620000 0.032367
621000 0.031302
622000 0.032214
623000 0.031519
624000 0.031277
625000 0.032378
626000 0.032193
627000 0.031938
628000 0.032025
629000 0.031824
630000 0.033105
631000 0.032405
632000 0.032667
633000 0.032686
634000 0.031761
635000 0.031979
636000 0.032290
637000 0.033321
638000 0.033093
639000 0.032979
640000 0.032673
641000 0.032417
642000 0.033372
643000 0.033403
644000 0.033040
645000 0.033182
646000 0.032865
647000 0.033657
648000 0.033549
649000 0.032606
650000 0.032502
651000 0.033111
652000 0.033339
653000 0.033027
654000 0.033884
655000 0.033207
656000 0.033103
657000 0.033908
658000 0.033196
659000 0.033109
660000 0.033531
661000 0.034125
662000 0.034109
663000 0.034468
664000 0.034109
665000 0.034184
666000 0.033951
667000 0.033649
668000 0.033838
669000 0.034437
670000 0.033842
671000 0.034153
672000 0.034455
673000 0.034681
674000 0.035934
675000 0.034500
676000 0.034910
677000 0.035208
678000 0.034786
679000 0.034881
680000 0.035684
681000 0.034756
682000 0.034952
683000 0.034959
684000 0.034388
685000 0.034500
686000 0.035353
687000 0.036057
688000 0.035553
689000 0.035166
690000 0.035631
691000 0.036172
692000 0.035145
693000 0.035628
694000 0.035493
695000 0.036209
696000 0.035199
697000 0.035700
698000 0.035068
699000 0.036031
700000 0.036609
701000 0.034972
702000 0.036359
703000 0.036847
704000 0.036532
705000 0.036836
706000 0.037080
707000 0.035905
708000 0.036605
709000 0.036831
710000 0.036045
711000 0.037195
712000 0.036435
713000 0.036997
714000 0.037237
715000 0.037159
716000 0.037434
717000 0.037173
718000 0.036201
719000 0.036745
720000 0.037657
721000 0.037001
722000 0.038650
723000 0.037699
724000 0.037229
725000 0.036990
726000 0.036994
727000 0.037470
728000 0.037810
729000 0.037321
730000 0.037490
731000 0.038560
732000 0.037998
733000 0.038163
734000 0.037076
735000 0.038314
736000 0.038660
737000 0.038404
738000 0.038593
739000 0.039333
740000 0.037714
741000 0.037954
742000 0.040004
743000 0.038682
744000 0.038223
745000 0.039397
746000 0.038382
747000 0.038389
748000 0.038753
749000 0.038546
750000 0.038819
751000 0.038786
752000 0.038327
753000 0.038448
754000 0.038576
755000 0.039863
756000 0.039364
757000 0.039437
758000 0.039398
759000 0.039609
760000 0.039776
761000 0.038695
762000 0.040279
763000 0.038999
764000 0.039867
765000 0.040167
766000 0.040163
767000 0.039363
768000 0.038551
769000 0.039291
770000 0.039247
771000 0.039957
772000 0.039942
773000 0.040313
774000 0.039808
775000 0.040375
776000 0.040644
777000 0.039455
778000 0.040621
779000 0.039454
780000 0.039548
781000 0.039710
782000 0.040789
783000 0.041017
784000 0.040175
785000 0.041294
786000 0.041146
787000 0.041436
788000 0.040767
789000 0.040619
790000 0.041068
791000 0.041610
792000 0.041664
793000 0.041343
794000 0.041632
795000 0.041739
796000 0.040356
797000 0.040517
798000 0.041724
799000 0.042527
800000 0.041435
801000 0.042193
802000 0.041670
803000 0.041478
804000 0.041922
805000 0.042107
806000 0.042388
807000 0.042899
808000 0.040870
809000 0.041551
810000 0.042228
811000 0.041233
812000 0.042714
813000 0.041759
814000 0.043056
815000 0.042590
816000 0.042210
817000 0.043020
818000 0.042672
819000 0.043519
820000 0.042781
821000 0.042810
822000 0.043357
823000 0.042973
824000 0.043296
825000 0.043045
826000 0.043236
827000 0.043207
828000 0.043878
829000 0.042822
830000 0.043297
831000 0.043588
832000 0.044388
833000 0.043012
834000 0.043557
835000 0.043114
836000 0.043867
837000 0.043625
838000 0.042855
839000 0.043321
840000 0.043623
841000 0.043783
842000 0.044259
843000 0.043134
844000 0.045492
845000 0.043791
846000 0.044186
847000 0.044537
848000 0.043384
849000 0.044965
850000 0.043362
851000 0.044275
852000 0.045219
853000 0.043773
854000 0.044568
855000 0.045010
856000 0.044151
857000 0.043743
858000 0.045099
859000 0.044855
860000 0.044413
861000 0.044877
862000 0.044687
863000 0.045339
864000 0.045470
865000 0.043744
866000 0.044070
867000 0.045093
868000 0.045558
869000 0.045739
870000 0.044371
871000 0.045352
872000 0.046161
873000 0.045351
874000 0.043653
875000 0.045256
876000 0.046619
877000 0.045156
878000 0.045781
879000 0.046259
880000 0.046125
881000 0.046164
882000 0.047207
883000 0.045760
884000 0.045208
885000 0.044809
886000 0.046651
887000 0.045472
888000 0.046612
889000 0.046282
890000 0.045684
891000 0.046604
892000 0.047073
893000 0.045943
894000 0.046166
895000 0.046582
896000 0.046402
897000 0.047380
898000 0.046779
899000 0.046572
900000 0.046841
901000 0.046803
902000 0.047500
903000 0.048311
904000 0.047612
905000 0.046708
906000 0.046602
907000 0.047208
908000 0.047399
909000 0.046866
910000 0.046795
911000 0.047009
912000 0.047027
913000 0.048448
914000 0.048370
915000 0.047103
916000 0.047309
917000 0.048642
918000 0.048354
919000 0.048283
920000 0.048328
921000 0.048820
922000 0.048477
923000 0.048240
924000 0.049211
925000 0.047219
926000 0.048338
927000 0.047423
928000 0.049498
929000 0.047601
930000 0.048192
931000 0.047862
932000 0.048056
933000 0.049100
934000 0.049558
935000 0.049987
936000 0.048754
937000 0.048377
938000 0.049096
939000 0.048373
940000 0.047131
941000 0.048682
942000 0.050264
943000 0.048988
944000 0.049211
945000 0.048483
946000 0.049753
947000 0.049512
948000 0.050050
949000 0.049383
950000 0.049413
951000 0.049240
952000 0.050745
953000 0.049236
954000 0.049818
955000 0.050785
956000 0.050923
957000 0.049324
958000 0.051081
959000 0.051057
960000 0.050024
961000 0.048618
962000 0.049231
963000 0.050819
964000 0.050996
965000 0.050836
966000 0.053907
967000 0.051327
968000 0.050740
969000 0.051511
970000 0.051061
971000 0.051366
972000 0.049690
973000 0.050589
974000 0.051285
975000 0.050432
976000 0.051047
977000 0.050560
978000 0.050931
979000 0.051460
980000 0.052603
981000 0.051276
982000 0.050224
983000 0.052620
984000 0.051313
985000 0.051814
986000 0.051641
987000 0.051120
988000 0.051024
989000 0.052276
990000 0.050147
991000 0.051369
992000 0.052307
993000 0.052064
994000 0.052894
995000 0.052480
996000 0.051188
997000 0.051742
998000 0.050733
999000 0.051714
1000000 0.051358
1001000 0.054409
1002000 0.052453
1003000 0.053542
1004000 0.053118
1005000 0.052995
1006000 0.052885
1007000 0.059776
1008000 0.054485
1009000 0.054872
1010000 0.051806
1011000 0.052398
1012000 0.053851
1013000 0.054765
1014000 0.055038
