1000 0.000135
2000 0.000306
3000 0.000380
4000 0.000519
5000 0.000650
6000 0.001152
7000 0.002235
8000 0.002648
9000 0.002684
10000 0.001789
11000 0.001642
12000 0.001886
13000 0.001953
14000 0.002051
15000 0.002342
16000 0.002501
17000 0.003003
18000 0.002792
19000 0.003004
20000 0.003167
21000 0.003362
22000 0.003492
23000 0.003582
24000 0.003970
25000 0.004217
26000 0.004201
27000 0.004704
28000 0.004700
29000 0.005037
30000 0.005087
31000 0.005299
32000 0.005408
33000 0.005488
34000 0.005895
35000 0.006817
36000 0.006309
37000 0.006071
38000 0.006697
39000 0.006638
40000 0.006762
41000 0.006896
42000 0.006866
43000 0.007333
44000 0.007247
45000 0.007564
46000 0.007971
47000 0.007978
48000 0.008400
49000 0.008349
50000 0.008569
51000 0.008564
52000 0.008786
53000 0.009061
54000 0.009688
55000 0.009738
56000 0.009555
57000 0.009785
58000 0.010346
59000 0.010174
60000 0.010402
61000 0.011070
62000 0.011050
63000 0.011059
64000 0.011186
65000 0.011243
66000 0.011867
67000 0.011862
68000 0.011983
69000 0.012222
70000 0.012713
71000 0.012421
72000 0.012583
73000 0.012787
74000 0.014935
75000 0.014326
76000 0.014068
77000 0.013939
78000 0.014275
79000 0.014454
80000 0.014778
81000 0.014831
82000 0.014664
83000 0.015254
84000 0.015333
85000 0.015461
86000 0.015083
87000 0.016137
88000 0.016011
89000 0.016112
90000 0.016499
91000 0.016020
92000 0.016569
93000 0.017082
94000 0.017396
95000 0.017295
96000 0.017851
97000 0.017573
98000 0.017613
99000 0.018201
100000 0.018394
101000 0.018512
102000 0.019992
103000 0.019538
104000 0.019171
105000 0.020215
106000 0.020301
107000 0.019980
108000 0.020775
109000 0.020777
110000 0.020628
111000 0.020339
112000 0.020969
113000 0.020598
114000 0.021973
115000 0.021482
116000 0.021788
117000 0.022231
118000 0.022198
119000 0.022066
120000 0.022090
121000 0.022281
122000 0.023359
123000 0.024253
124000 0.022752
125000 0.023463
126000 0.023556
127000 0.024000
128000 0.023845
129000 0.023920
130000 0.025188
131000 0.024427
132000 0.025073
133000 0.025639
134000 0.025277
135000 0.025017
136000 0.026261
137000 0.025788
138000 0.026574
139000 0.026239
140000 0.026430
141000 0.026466
142000 0.026226
143000 0.026593
144000 0.027549
145000 0.027707
146000 0.028530
147000 0.027883
148000 0.028677
149000 0.028655
150000 0.028497
151000 0.030409
152000 0.029939
153000 0.028639
154000 0.030595
155000 0.030616
156000 0.029810
157000 0.029999
158000 0.029639
159000 0.030416
160000 0.029905
161000 0.031401
162000 0.031325
163000 0.031464
164000 0.031578
165000 0.032128
166000 0.031456
167000 0.031126
168000 0.031823
169000 0.032568
170000 0.032935
171000 0.032857
172000 0.033324
173000 0.032791
174000 0.032893
175000 0.033668
176000 0.036106
177000 0.035209
178000 0.035500
179000 0.034773
180000 0.034807
181000 0.034914
182000 0.035507
183000 0.036595
184000 0.036155
185000 0.035686
186000 0.037025
187000 0.035811
188000 0.038072
189000 0.036036
190000 0.036292
191000 0.036560
192000 0.037487
193000 0.037730
194000 0.037283
195000 0.037797
196000 0.037806
197000 0.038808
198000 0.040976
199000 0.040809
200000 0.039695
201000 0.040102
202000 0.039062
203000 0.039642
204000 0.039732
205000 0.039823
206000 0.039511
207000 0.041124
208000 0.039878
209000 0.041127
210000 0.040671
211000 0.041915
212000 0.040863
213000 0.041450
214000 0.041976
215000 0.042415
216000 0.042918
217000 0.042605
218000 0.042907
219000 0.042965
220000 0.043020
221000 0.043746
222000 0.043050
223000 0.045410
224000 0.043795
225000 0.044853
226000 0.045127
227000 0.044655
228000 0.044457
229000 0.045262
230000 0.045953
231000 0.047587
232000 0.046122
233000 0.046540
234000 0.046305
235000 0.045885
236000 0.048471
237000 0.049979
238000 0.047322
239000 0.047271
240000 0.047177
241000 0.048063
242000 0.047391
243000 0.047931
244000 0.048288
245000 0.048221
246000 0.048967
247000 0.050676
248000 0.050627
249000 0.050061
250000 0.049698
251000 0.049138
252000 0.049651
253000 0.049019
254000 0.049700
255000 0.051982
256000 0.049346
257000 0.051677
258000 0.051544
259000 0.050935
260000 0.051121
261000 0.055218
262000 0.052774
263000 0.053228
264000 0.053049
265000 0.053808
266000 0.053731
267000 0.053380
268000 0.059512
269000 0.053269
270000 0.052604
271000 0.055368
272000 0.054241
273000 0.053713
274000 0.055358
275000 0.054106
276000 0.054094
277000 0.054667
278000 0.054336
279000 0.068155
280000 0.063228
281000 0.055274
282000 0.057582
283000 0.058084
284000 0.058914
285000 0.056778
286000 0.056629
287000 0.056917
288000 0.058028
289000 0.057584
290000 0.059645
291000 0.058649
292000 0.058452
293000 0.058884
294000 0.060802
295000 0.059945
296000 0.058816
297000 0.058461
298000 0.058749
299000 0.059045
300000 0.061854
301000 0.060351
302000 0.062158
303000 0.060988
304000 0.061051
305000 0.060437
306000 0.061199
307000 0.061469
308000 0.065070
309000 0.066305
310000 0.062706
311000 0.063331
312000 0.062611
313000 0.065617
314000 0.062247
315000 0.064042
316000 0.063902
317000 0.063531
318000 0.062923
319000 0.065877
320000 0.063643
321000 0.064777
322000 0.068244
323000 0.067627
324000 0.067494
325000 0.065223
326000 0.067082
327000 0.066708
328000 0.065914
329000 0.066707
330000 0.067043
331000 0.070498
332000 0.068253
333000 0.069231
334000 0.067435
335000 0.069652
336000 0.067883
337000 0.068362
338000 0.069445
339000 0.069061
340000 0.068904
341000 0.067816
342000 0.069305
343000 0.068913
344000 0.070469
345000 0.068753
346000 0.070251
347000 0.072817
348000 0.069721
349000 0.070565
350000 0.071531
351000 0.072571
352000 0.074744
353000 0.074403
354000 0.072370
355000 0.074823
356000 0.074220
357000 0.075481
358000 0.073658
359000 0.074163
360000 0.074345
361000 0.078105
362000 0.073164
363000 0.074967
364000 0.073221
365000 0.075365
366000 0.075255
367000 0.074915
368000 0.074291
369000 0.075280
370000 0.074118
371000 0.075856
372000 0.078105
373000 0.077954
374000 0.077246
375000 0.076602
376000 0.079937
377000 0.078573
378000 0.076643
379000 0.079305
380000 0.077796
381000 0.076858
382000 0.082539
383000 0.076808
384000 0.079006
385000 0.078520
386000 0.079642
387000 0.081362
388000 0.086062
389000 0.080685
390000 0.080785
391000 0.084121
392000 0.079149
393000 0.080102
394000 0.085640
395000 0.083110
396000 0.079807
397000 0.080656
398000 0.083274
399000 0.080781
400000 0.081624
401000 0.082998
402000 0.084809
403000 0.083455
404000 0.082206
405000 0.082808
406000 0.083617
407000 0.084894
408000 0.086494
409000 0.083267
410000 0.088443
411000 0.084876
412000 0.083294
413000 0.086984
414000 0.088318
415000 0.087006
416000 0.090923
417000 0.085171
418000 0.087543
419000 0.087765
420000 0.089223
421000 0.089337
422000 0.085310
423000 0.089620
424000 0.086815
425000 0.093617
426000 0.089251
427000 0.088086
428000 0.087591
429000 0.089207
430000 0.088180
431000 0.089308
432000 0.089263
433000 0.090473
434000 0.092488
435000 0.090153
436000 0.093026
437000 0.091552
438000 0.094183
439000 0.090114
440000 0.089157
441000 0.100435
442000 0.094686
443000 0.092181
444000 0.096343
445000 0.092730
446000 0.094281
447000 0.095666
448000 0.090498
449000 0.094811
450000 0.092946
451000 0.097613
452000 0.097835
453000 0.097081
454000 0.101441
455000 0.096377
456000 0.100357
457000 0.095623
458000 0.095022
459000 0.094012
460000 0.096717
461000 0.098201
462000 0.096552
463000 0.096166
464000 0.096788
465000 0.097179
466000 0.097001
467000 0.098356
468000 0.098721
469000 0.100207
470000 0.100305
471000 0.098007
472000 0.097659
473000 0.099852
474000 0.099713
475000 0.097894
476000 0.097878
477000 0.099512
478000 0.100642
479000 0.102157
480000 0.101003
481000 0.100428
482000 0.098883
483000 0.098380
484000 0.101568
485000 0.102870
486000 0.104350
487000 0.101690
488000 0.102910
489000 0.102783
490000 0.101456
491000 0.102527
492000 0.104591
493000 0.103200
494000 0.104575
495000 0.104355
496000 0.102318
497000 0.104988
498000 0.102774
499000 0.104666
500000 0.104227
501000 0.104494
502000 0.108098
503000 0.109920
504000 0.105654
505000 0.104774
506000 0.109458
507000 0.104317
508000 0.107578
509000 0.110485
510000 0.106498
511000 0.109016
512000 0.109749
513000 0.108255
514000 0.106748
515000 0.111342
516000 0.111263
517000 0.109232
518000 0.108942
519000 0.108888
520000 0.109806
521000 0.108742
522000 0.108814
523000 0.112215
524000 0.108655
525000 0.108684
526000 0.115065
527000 0.113525
528000 0.112786
529000 0.113508
530000 0.113085
531000 0.114876
532000 0.112565
533000 0.115071
534000 0.117354
535000 0.113993
536000 0.112145
537000 0.114632
538000 0.112947
539000 0.115166
540000 0.136269
541000 0.130940
542000 0.114654
543000 0.114340
544000 0.117797
545000 0.113198
546000 0.111960
547000 0.119594
548000 0.114917
549000 0.117446
550000 0.113759
551000 0.120491
552000 0.117377
553000 0.116970
554000 0.117209
555000 0.115900
556000 0.116753
557000 0.115993
558000 0.122245
559000 0.119141
560000 0.118603
561000 0.117748
562000 0.124599
563000 0.121699
564000 0.117114
565000 0.117731
566000 0.118233
567000 0.119919
568000 0.120308
569000 0.119669
570000 0.120662
571000 0.119935
572000 0.119065
573000 0.125775
574000 0.120217
575000 0.124912
576000 0.122690
577000 0.121101
578000 0.121092
579000 0.122110
580000 0.125167
581000 0.121153
582000 0.122857
583000 0.123949
584000 0.125409
585000 0.125296
586000 0.125282
587000 0.122724
588000 0.124930
589000 0.130176
590000 0.124549
591000 0.128907
592000 0.127163
593000 0.124385
594000 0.124000
595000 0.124267
596000 0.127162
597000 0.124798
598000 0.126814
599000 0.127513
600000 0.127304
601000 0.126325
602000 0.126187
603000 0.126258
604000 0.128245
605000 0.134636
606000 0.129695
607000 0.135365
608000 0.129175
609000 0.130902
610000 0.153623
611000 0.130055
612000 0.127108
613000 0.129482
614000 0.131962
615000 0.131331
616000 0.130990
617000 0.132168
618000 0.130440
619000 0.133257
620000 0.133652
621000 0.146936
622000 0.141965
623000 0.131651
624000 0.133289
625000 0.133252
626000 0.134030
627000 0.135531
628000 0.132281
629000 0.139669
630000 0.133432
631000 0.135495
632000 0.137964
633000 0.137611
634000 0.135986
635000 0.137022
636000 0.135389
637000 0.138383
638000 0.134381
639000 0.136044
640000 0.136664
641000 0.140331
642000 0.138710
643000 0.139131
644000 0.137825
645000 0.143520
646000 0.135370
647000 0.134988
648000 0.141465
649000 0.138458
650000 0.141437
651000 0.138109
652000 0.139874
653000 0.140540
654000 0.139863
655000 0.136680
656000 0.137253
657000 0.138970
658000 0.136769
659000 0.142223
660000 0.140124
661000 0.139481
662000 0.143368
663000 0.146592
664000 0.142489
665000 0.140426
666000 0.144188
667000 0.144395
668000 0.145471
669000 0.142895
670000 0.145427
671000 0.143686
672000 0.145495
673000 0.143087
674000 0.142522
675000 0.149675
676000 0.146439
677000 0.144091
678000 0.143903
679000 0.142670
680000 0.150768
681000 0.154162
682000 0.146176
683000 0.147589
684000 0.145468
685000 0.145055
686000 0.145487
687000 0.148405
688000 0.148603
689000 0.146693
690000 0.146037
691000 0.145977
692000 0.158840
693000 0.150085
694000 0.157229
695000 0.152474
696000 0.151230
697000 0.152302
698000 0.149919
699000 0.152841
700000 0.153586
701000 0.148726
702000 0.150748
703000 0.147492
704000 0.151658
705000 0.147833
706000 0.151032
707000 0.150974
708000 0.152468
709000 0.149262
710000 0.153400
711000 0.152353
712000 0.154451
713000 0.152246
714000 0.154346
715000 0.153168
716000 0.152925
717000 0.158001
718000 0.154425
719000 0.154693
720000 0.151962
721000 0.154449
722000 0.151034
723000 0.154585
724000 0.155892
725000 0.155835
726000 0.157078
727000 0.158534
728000 0.154740
729000 0.153772
